METRICS:
        accuracy: 0.9016393442622951
        recall: 0.875
        precision: 0.9333333333333333
        f1: 0.9032258064516129
        log-loss: 0.3369197328174048

TRAINING PHASE:
               time: 5.3250181674957275
               loss: 0.3527914190106489

TOP FEATURES:
             ca_0: 1.1284317801546653
             cp_0: 0.967306816633736
             cp_3: 0.8586023784403726